              precision    recall  f1-score   support

           0       0.92      0.70      0.79      1000
           1       1.00      0.97      0.98      1000
           2       0.93      0.74      0.83      1000
           3       0.87      0.94      0.90      1000
           4       0.82      0.89      0.85      1000
           5       0.98      0.99      0.98      1000
           6       0.63      0.81      0.71      1000
           7       0.96      0.96      0.96      1000
           8       0.96      0.98      0.97      1000
           9       0.97      0.97      0.97      1000

    accuracy                           0.89     10000
   macro avg       0.90      0.89      0.90     10000
weighted avg       0.90      0.89      0.90     10000
